
--------------------------IMPRIMINDO GRAFO--------------------------------------

[0, 15.0, 0, 0, 0, 0, 0, 0, 0, 0, 0, 0, 0, 0, 0, 0, 0, 0, 0, 0, 0, 0, 0, 0, 0, 0, 0, 0, 0, 0, 0, 0, 0, 0, 0, 0, 0, 0, 0, 0, 0, 0, 0, 0, 0, 0, 0, 0, 0, 0, 0, 0, 0, 0, 0, 0, 0, 0, 0, 0, 0, 0, 0, 0, 0, 0, 0, 0, 0, 0, 0, 0, 0, 0, 0, 0, 0, 0, 0, 0, 0, 0, 0, 0, 0, 0, 0, 0, 0, 0, 0, 0, 0, 0, 0, 0, 0, 0, 0, 12.0]
[15.0, 0, 2.0, 0, 0, 11.0, 0, 0, 0, 0, 0, 0, 0, 0, 0, 0, 0, 0, 0, 11.0, 0, 0, 0, 0, 15.0, 0, 0, 0, 0, 0, 0, 0, 0, 11.0, 0, 0, 5.0, 0, 0, 0, 0, 0, 0, 0, 0, 0, 13.0, 12.0, 0, 0, 0, 0, 0, 0, 0, 0, 0, 0, 0, 0, 10.0, 0, 0, 0, 0, 0, 0, 0, 0, 0, 0, 0, 0, 0, 0, 0, 0, 0, 0, 0, 7.0, 0, 0, 0, 15.0, 5.0, 0, 0, 0, 0, 0, 0, 0, 0, 0, 0, 15.0, 15.0, 0, 0]
[0, 2.0, 0, 8.0, 0, 0, 0, 0, 0, 0, 0, 4.0, 0, 0, 0, 0, 0, 0, 0, 0, 0, 0, 0, 0, 0, 0, 0, 0, 0, 0, 0, 0, 0, 0, 0, 0, 0, 0, 0, 0, 0, 0, 0, 0, 0, 0, 0, 0, 0, 0, 0, 0, 0, 0, 0, 0, 0, 0, 0, 0, 0, 0, 0, 0, 0, 0, 0, 0, 0, 0, 0, 0, 0, 0, 0, 0, 0, 0, 0, 0, 0, 0, 0, 0, 0, 0, 0, 0, 0, 0, 0, 0, 0, 0, 0, 0, 0, 0, 0, 0]
[0, 0, 8.0, 0, 7.0, 0, 0, 12.0, 14.0, 0, 0, 0, 0, 0, 0, 0, 0, 0, 0, 0, 0, 0, 0, 0, 0, 0, 0, 0, 0, 0, 0, 0, 0, 0, 0, 0, 0, 0, 14.0, 0, 0, 0, 0, 0, 0, 0, 0, 0, 0, 0, 4.0, 0, 0, 0, 0, 0, 0, 0, 0, 0, 0, 0, 4.0, 0, 0, 0, 0, 0, 0, 0, 0, 0, 0, 0, 0, 0, 0, 0, 9.0, 0, 0, 0, 0, 0, 0, 0, 0, 0, 0, 0, 0, 0, 0, 0, 3.0, 0, 0, 0, 0, 0]
[0, 0, 0, 7.0, 0, 7.0, 0, 0, 0, 0, 0, 0, 0, 0, 0, 0, 0, 0, 0, 0, 0, 0, 0, 0, 0, 0, 0, 0, 0, 0, 0, 0, 0, 0, 0, 0, 0, 0, 0, 0, 0, 0, 0, 0, 0, 0, 0, 0, 0, 0, 0, 0, 0, 0, 0, 0, 0, 0, 0, 0, 0, 0, 0, 0, 0, 0, 0, 0, 0, 0, 0, 0, 0, 0, 0, 0, 0, 0, 0, 0, 0, 0, 0, 0, 0, 0, 0, 0, 0, 0, 0, 0, 0, 0, 0, 0, 0, 0, 0, 0]
[0, 11.0, 0, 0, 7.0, 0, 13.0, 0, 0, 0, 0, 0, 0, 0, 2.0, 0, 0, 0, 0, 0, 0, 3.0, 0, 0, 0, 0, 0, 0, 3.0, 0, 0, 0, 0, 14.0, 0, 0, 0, 0, 0, 0, 9.0, 0, 0, 0, 14.0, 0, 0, 5.0, 0, 8.0, 0, 10.0, 11.0, 0, 11.0, 0, 0, 0, 9.0, 6.0, 15.0, 10.0, 0, 0, 0, 0, 15.0, 0, 0, 0, 0, 12.0, 2.0, 0, 0, 0, 0, 0, 0, 0, 0, 13.0, 0, 12.0, 0, 0, 13.0, 0, 0, 0, 0, 0, 0, 0, 0, 0, 0, 15.0, 0, 0]
[0, 0, 0, 0, 0, 13.0, 0, 6.0, 0, 0, 0, 0, 0, 0, 0, 0, 0, 0, 0, 0, 0, 5.0, 0, 0, 0, 0, 0, 0, 4.0, 0, 0, 0, 0, 2.0, 5.0, 0, 0, 0, 0, 7.0, 0, 0, 0, 0, 0, 0, 0, 0, 0, 0, 0, 0, 0, 0, 0, 0, 0, 5.0, 0, 0, 7.0, 13.0, 0, 0, 0, 0, 14.0, 0, 0, 0, 0, 0, 0, 0, 0, 0, 0, 0, 0, 7.0, 0, 0, 0, 7.0, 0, 0, 11.0, 0, 0, 0, 0, 0, 0, 0, 0, 0, 0, 6.0, 0, 0]
[0, 0, 0, 12.0, 0, 0, 6.0, 0, 14.0, 4.0, 0, 0, 0, 11.0, 0, 0, 1.0, 0, 10.0, 0, 0, 0, 0, 6.0, 0, 11.0, 0, 0, 0, 0, 0, 0, 0, 0, 0, 0, 0, 0, 5.0, 3.0, 0, 0, 0, 0, 0, 0, 0, 0, 0, 0, 0, 0, 0, 0, 0, 0, 0, 0, 0, 0, 0, 0, 0, 6.0, 0, 0, 1.0, 0, 0, 0, 0, 0, 1.0, 4.0, 0, 0, 0, 0, 2.0, 0, 0, 0, 0, 0, 0, 0, 0, 0, 13.0, 0, 3.0, 0, 0, 0, 7.0, 0, 0, 0, 0, 11.0]
[0, 0, 0, 14.0, 0, 0, 0, 14.0, 0, 2.0, 0, 0, 0, 0, 0, 0, 0, 0, 0, 0, 0, 0, 0, 0, 0, 0, 0, 0, 0, 0, 0, 0, 0, 0, 0, 0, 0, 0, 8.0, 0, 0, 0, 0, 0, 0, 0, 0, 0, 0, 0, 0, 0, 0, 0, 0, 0, 0, 0, 0, 0, 0, 0, 0, 0, 0, 0, 0, 0, 0, 0, 0, 0, 0, 0, 0, 0, 0, 0, 7.0, 0, 0, 0, 0, 0, 0, 0, 0, 0, 0, 0, 0, 0, 0, 0, 14.0, 0, 0, 0, 0, 0]
[0, 0, 0, 0, 0, 0, 0, 4.0, 2.0, 0, 9.0, 0, 0, 10.0, 0, 0, 0, 0, 6.0, 0, 0, 0, 0, 4.0, 0, 8.0, 0, 0, 0, 0, 0, 0, 0, 0, 0, 0, 0, 0, 0, 3.0, 0, 0, 0, 0, 0, 0, 0, 0, 0, 0, 0, 0, 0, 0, 0, 0, 0, 0, 0, 0, 0, 0, 12.0, 14.0, 0, 0, 2.0, 0, 0, 0, 0, 0, 0, 15.0, 0, 0, 0, 0, 0, 0, 0, 0, 0, 0, 5.0, 0, 0, 0, 2.0, 0, 5.0, 0, 0, 0, 0, 0, 0, 6.0, 0, 0]
[0, 0, 0, 0, 0, 0, 0, 0, 0, 9.0, 0, 1.0, 0, 0, 0, 0, 0, 0, 0, 0, 0, 0, 0, 0, 0, 0, 0, 0, 0, 0, 0, 0, 0, 0, 0, 0, 0, 0, 0, 0, 0, 0, 0, 0, 0, 0, 0, 0, 0, 0, 0, 0, 0, 0, 0, 0, 0, 0, 0, 0, 0, 0, 0, 0, 0, 0, 0, 0, 0, 0, 0, 0, 0, 0, 0, 0, 0, 0, 0, 0, 0, 0, 0, 0, 0, 0, 0, 0, 0, 0, 0, 0, 0, 0, 0, 0, 0, 0, 0, 0]
[0, 0, 4.0, 0, 0, 0, 0, 0, 0, 0, 1.0, 0, 15.0, 0, 0, 0, 0, 0, 0, 0, 0, 0, 0, 0, 0, 0, 0, 0, 0, 0, 0, 0, 0, 0, 0, 0, 0, 0, 0, 0, 0, 0, 0, 0, 0, 0, 0, 0, 0, 0, 0, 0, 0, 0, 0, 0, 0, 0, 0, 0, 0, 0, 0, 0, 0, 0, 0, 0, 0, 0, 0, 0, 0, 0, 0, 0, 0, 0, 0, 0, 0, 0, 0, 0, 0, 0, 0, 0, 0, 0, 0, 0, 0, 0, 0, 0, 0, 0, 0, 0]
[0, 0, 0, 0, 0, 0, 0, 0, 0, 0, 0, 15.0, 0, 1.0, 0, 0, 0, 0, 0, 0, 0, 0, 0, 0, 0, 0, 0, 0, 0, 0, 0, 0, 0, 0, 0, 0, 0, 0, 0, 0, 0, 0, 0, 0, 0, 0, 0, 0, 0, 0, 0, 0, 0, 0, 0, 0, 0, 0, 0, 0, 0, 0, 0, 0, 0, 0, 0, 0, 0, 0, 0, 0, 0, 0, 0, 0, 0, 0, 0, 0, 0, 0, 0, 0, 0, 0, 0, 0, 0, 0, 0, 0, 0, 0, 0, 0, 0, 0, 0, 0]
[0, 0, 0, 0, 0, 0, 0, 11.0, 0, 10.0, 0, 0, 1.0, 0, 9.0, 0, 0, 0, 5.0, 0, 0, 0, 0, 8.0, 0, 12.0, 0, 0, 0, 0, 0, 0, 0, 11.0, 0, 0, 0, 0, 0, 9.0, 0, 0, 0, 0, 0, 0, 0, 0, 0, 0, 0, 0, 0, 0, 0, 0, 0, 0, 0, 0, 0, 0, 0, 3.0, 0, 0, 14.0, 0, 0, 0, 0, 0, 0, 9.0, 0, 0, 0, 0, 0, 0, 0, 0, 0, 0, 0, 0, 0, 0, 4.0, 0, 2.0, 0, 0, 0, 0, 0, 0, 0, 0, 0]
[0, 0, 0, 0, 0, 2.0, 0, 0, 0, 0, 0, 0, 0, 9.0, 0, 12.0, 0, 0, 0, 0, 0, 0, 0, 0, 0, 0, 0, 0, 0, 0, 0, 0, 0, 0, 0, 0, 0, 0, 0, 0, 0, 0, 0, 0, 7.0, 0, 0, 5.0, 0, 7.0, 0, 0, 6.0, 0, 13.0, 0, 0, 0, 11.0, 1.0, 0, 15.0, 0, 0, 0, 0, 0, 0, 0, 0, 0, 7.0, 15.0, 0, 0, 0, 0, 0, 0, 0, 0, 7.0, 0, 0, 0, 0, 2.0, 0, 0, 0, 0, 0, 0, 0, 0, 0, 0, 0, 0, 0]
[0, 0, 0, 0, 0, 0, 0, 0, 0, 0, 0, 0, 0, 0, 12.0, 0, 10.0, 0, 0, 0, 0, 0, 0, 0, 0, 0, 0, 0, 0, 0, 0, 0, 0, 0, 0, 0, 0, 0, 0, 0, 0, 0, 0, 0, 0, 0, 0, 0, 0, 0, 0, 0, 0, 0, 0, 0, 0, 0, 0, 0, 0, 0, 0, 0, 0, 0, 0, 0, 0, 0, 0, 0, 0, 0, 0, 0, 0, 0, 0, 0, 0, 0, 0, 0, 0, 0, 0, 0, 0, 0, 0, 0, 0, 0, 0, 0, 0, 0, 0, 0]
[0, 0, 0, 0, 0, 0, 0, 1.0, 0, 0, 0, 0, 0, 0, 0, 10.0, 0, 3.0, 0, 0, 0, 0, 0, 0, 0, 0, 0, 0, 0, 0, 0, 0, 0, 0, 0, 0, 0, 0, 0, 0, 0, 0, 0, 0, 0, 0, 0, 0, 0, 0, 0, 0, 0, 0, 0, 0, 0, 0, 0, 0, 0, 0, 0, 0, 0, 0, 0, 0, 0, 0, 0, 0, 0, 0, 0, 0, 0, 0, 0, 0, 0, 0, 0, 0, 0, 0, 0, 0, 0, 0, 0, 0, 0, 0, 0, 0, 0, 0, 0, 3.0]
[0, 0, 0, 0, 0, 0, 0, 0, 0, 0, 0, 0, 0, 0, 0, 0, 3.0, 0, 12.0, 0, 0, 0, 0, 0, 0, 0, 0, 0, 0, 0, 0, 0, 0, 0, 0, 0, 0, 0, 0, 0, 0, 0, 0, 0, 0, 0, 0, 0, 0, 0, 0, 0, 0, 0, 0, 0, 0, 0, 0, 0, 0, 0, 0, 0, 0, 0, 0, 0, 0, 0, 0, 0, 0, 0, 0, 0, 0, 0, 0, 0, 0, 0, 0, 0, 0, 0, 0, 0, 0, 8.0, 0, 0, 0, 0, 0, 0, 0, 0, 0, 0]
[0, 0, 0, 0, 0, 0, 0, 10.0, 0, 6.0, 0, 0, 0, 5.0, 0, 0, 0, 12.0, 0, 3.0, 0, 0, 0, 7.0, 0, 7.0, 0, 0, 0, 0, 0, 0, 0, 0, 0, 0, 0, 0, 0, 4.0, 0, 0, 0, 0, 0, 0, 0, 0, 0, 0, 0, 0, 0, 0, 0, 0, 0, 0, 0, 0, 0, 0, 0, 9.0, 0, 0, 5.0, 0, 0, 0, 0, 0, 0, 2.0, 0, 0, 0, 0, 0, 0, 0, 0, 0, 0, 0, 0, 0, 0, 14.0, 0, 10.0, 0, 0, 0, 0, 0, 0, 0, 0, 0]
[0, 11.0, 0, 0, 0, 0, 0, 0, 0, 0, 0, 0, 0, 0, 0, 0, 0, 0, 3.0, 0, 10.0, 0, 0, 0, 0, 0, 0, 0, 0, 0, 0, 0, 0, 10.0, 0, 0, 0, 0, 0, 0, 0, 0, 0, 0, 0, 0, 0, 0, 0, 0, 0, 0, 0, 0, 0, 0, 0, 0, 0, 0, 0, 0, 0, 0, 0, 0, 0, 0, 0, 0, 0, 0, 0, 0, 0, 0, 0, 0, 0, 0, 0, 0, 0, 0, 0, 0, 0, 0, 0, 0, 0, 0, 0, 0, 0, 0, 0, 0, 0, 0]
[0, 0, 0, 0, 0, 0, 0, 0, 0, 0, 0, 0, 0, 0, 0, 0, 0, 0, 0, 10.0, 0, 15.0, 0, 0, 0, 0, 0, 0, 0, 0, 0, 0, 0, 0, 0, 0, 0, 0, 0, 0, 0, 0, 0, 0, 0, 0, 0, 0, 0, 0, 0, 0, 0, 0, 0, 0, 0, 0, 0, 0, 0, 14.0, 0, 0, 0, 0, 0, 11.0, 0, 0, 0, 0, 0, 0, 0, 0, 0, 0, 0, 0, 0, 0, 0, 0, 0, 0, 0, 0, 0, 0, 0, 0, 0, 0, 0, 0, 6.0, 0, 0, 0]
[0, 0, 0, 0, 0, 3.0, 5.0, 0, 0, 0, 0, 0, 0, 0, 0, 0, 0, 0, 0, 0, 15.0, 0, 11.0, 0, 0, 0, 0, 0, 12.0, 0, 0, 0, 0, 7.0, 0, 0, 0, 0, 0, 0, 0, 0, 0, 0, 0, 0, 0, 0, 0, 0, 0, 0, 0, 0, 0, 0, 0, 0, 0, 0, 6.0, 0, 0, 0, 0, 0, 14.0, 0, 0, 0, 0, 0, 0, 0, 0, 0, 0, 0, 0, 0, 0, 0, 0, 4.0, 0, 0, 7.0, 0, 0, 0, 0, 0, 0, 0, 0, 0, 0, 14.0, 0, 0]
[0, 0, 0, 0, 0, 0, 0, 0, 0, 0, 0, 0, 0, 0, 0, 0, 0, 0, 0, 0, 0, 11.0, 0, 11.0, 0, 0, 0, 0, 4.0, 10.0, 0, 0, 0, 0, 0, 0, 10.0, 0, 0, 0, 0, 0, 0, 0, 0, 0, 0, 0, 0, 0, 0, 0, 0, 0, 0, 0, 0, 0, 0, 0, 0, 0, 0, 0, 0, 0, 0, 0, 0, 0, 0, 4.0, 0, 0, 0, 0, 0, 0, 0, 0, 0, 0, 0, 0, 0, 0, 0, 0, 0, 0, 0, 0, 7.0, 9.0, 0, 0, 0, 0, 0, 0]
[0, 0, 0, 0, 0, 0, 0, 6.0, 0, 4.0, 0, 0, 0, 8.0, 0, 0, 0, 0, 7.0, 0, 0, 0, 11.0, 0, 15.0, 9.0, 0, 0, 12.0, 2.0, 0, 0, 0, 0, 0, 0, 1.0, 0, 0, 4.0, 0, 0, 0, 0, 0, 0, 0, 0, 0, 0, 0, 0, 0, 0, 0, 0, 0, 0, 0, 0, 0, 0, 0, 6.0, 0, 0, 14.0, 0, 0, 0, 0, 6.0, 0, 12.0, 0, 0, 0, 0, 0, 0, 0, 0, 0, 0, 0, 0, 0, 0, 13.0, 0, 1.0, 0, 15.0, 15.0, 0, 0, 0, 0, 0, 0]
[0, 15.0, 0, 0, 0, 0, 0, 0, 0, 0, 0, 0, 0, 0, 0, 0, 0, 0, 0, 0, 0, 0, 0, 15.0, 0, 6.0, 0, 0, 0, 0, 0, 0, 0, 0, 0, 0, 0, 0, 0, 0, 0, 0, 0, 0, 0, 0, 8.0, 15.0, 0, 0, 0, 0, 0, 0, 0, 0, 0, 0, 0, 0, 6.0, 0, 0, 0, 0, 0, 0, 0, 0, 0, 0, 0, 0, 0, 0, 0, 0, 0, 0, 0, 12.0, 0, 0, 0, 0, 11.0, 0, 0, 0, 0, 0, 0, 0, 0, 0, 0, 0, 0, 0, 0]
[0, 0, 0, 0, 0, 0, 0, 11.0, 0, 8.0, 0, 0, 0, 12.0, 0, 0, 0, 0, 7.0, 0, 0, 0, 0, 9.0, 6.0, 0, 10.0, 0, 0, 0, 1.0, 0, 0, 0, 0, 0, 0, 0, 0, 4.0, 0, 0, 0, 0, 0, 0, 0, 0, 0, 0, 0, 0, 0, 0, 0, 0, 0, 0, 0, 0, 0, 0, 0, 15.0, 0, 0, 1.0, 0, 0, 0, 0, 0, 0, 7.0, 0, 0, 6.0, 0, 0, 0, 0, 0, 0, 0, 11.0, 0, 0, 0, 15.0, 0, 2.0, 0, 0, 0, 0, 0, 0, 0, 0, 0]
[0, 0, 0, 0, 0, 0, 0, 0, 0, 0, 0, 0, 0, 0, 0, 0, 0, 0, 0, 0, 0, 0, 0, 0, 0, 10.0, 0, 13.0, 0, 0, 0, 0, 0, 0, 0, 0, 0, 0, 0, 0, 0, 0, 0, 0, 0, 0, 0, 0, 0, 0, 0, 0, 0, 0, 0, 0, 0, 0, 0, 0, 0, 0, 0, 0, 0, 0, 0, 0, 0, 0, 0, 0, 0, 0, 0, 0, 0, 0, 0, 0, 0, 0, 0, 0, 0, 0, 0, 0, 0, 0, 0, 14.0, 0, 0, 0, 0, 0, 0, 0, 0]
[0, 0, 0, 0, 0, 0, 0, 0, 0, 0, 0, 0, 0, 0, 0, 0, 0, 0, 0, 0, 0, 0, 0, 0, 0, 0, 13.0, 0, 3.0, 0, 0, 0, 0, 0, 0, 0, 0, 0, 0, 0, 0, 0, 0, 0, 0, 0, 0, 0, 0, 0, 0, 0, 0, 0, 0, 0, 0, 0, 0, 0, 0, 0, 0, 0, 0, 0, 0, 0, 0, 0, 0, 0, 0, 0, 0, 0, 0, 0, 0, 2.0, 0, 0, 0, 0, 0, 0, 0, 0, 0, 0, 0, 0, 0, 0, 0, 0, 0, 0, 0, 0]
[0, 0, 0, 0, 0, 3.0, 4.0, 0, 0, 0, 0, 0, 0, 0, 0, 0, 0, 0, 0, 0, 0, 12.0, 4.0, 12.0, 0, 0, 0, 3.0, 0, 14.0, 0, 0, 0, 7.0, 0, 0, 7.0, 0, 0, 0, 0, 0, 0, 0, 0, 0, 0, 0, 0, 0, 0, 0, 0, 0, 0, 0, 0, 0, 0, 0, 2.0, 0, 0, 0, 0, 0, 1.0, 0, 0, 0, 0, 2.0, 0, 0, 0, 0, 0, 0, 0, 0, 0, 0, 0, 8.0, 0, 0, 5.0, 0, 0, 0, 0, 0, 6.0, 9.0, 0, 0, 0, 6.0, 0, 0]
[0, 0, 0, 0, 0, 0, 0, 0, 0, 0, 0, 0, 0, 0, 0, 0, 0, 0, 0, 0, 0, 0, 10.0, 2.0, 0, 0, 0, 0, 14.0, 0, 2.0, 0, 0, 0, 0, 0, 15.0, 0, 0, 0, 0, 0, 0, 0, 0, 0, 0, 0, 0, 0, 0, 0, 0, 0, 0, 0, 0, 0, 0, 0, 0, 0, 0, 0, 0, 0, 0, 0, 0, 0, 0, 5.0, 0, 0, 0, 0, 0, 0, 0, 0, 0, 0, 0, 0, 0, 0, 0, 0, 0, 0, 0, 0, 1.0, 3.0, 0, 0, 0, 0, 0, 0]
[0, 0, 0, 0, 0, 0, 0, 0, 0, 0, 0, 0, 0, 0, 0, 0, 0, 0, 0, 0, 0, 0, 0, 0, 0, 1.0, 0, 0, 0, 2.0, 0, 5.0, 0, 0, 0, 0, 0, 0, 0, 0, 0, 0, 0, 0, 0, 0, 0, 0, 0, 0, 0, 0, 0, 0, 0, 0, 0, 0, 0, 0, 0, 0, 0, 0, 0, 0, 0, 0, 0, 0, 0, 0, 0, 0, 0, 0, 10.0, 0, 0, 0, 0, 0, 0, 0, 0, 0, 0, 0, 0, 0, 0, 0, 0, 0, 0, 0, 0, 0, 0, 0]
[0, 0, 0, 0, 0, 0, 0, 0, 0, 0, 0, 0, 0, 0, 0, 0, 0, 0, 0, 0, 0, 0, 0, 0, 0, 0, 0, 0, 0, 0, 5.0, 0, 5.0, 0, 0, 0, 0, 0, 0, 0, 0, 0, 0, 0, 0, 0, 0, 0, 0, 0, 0, 0, 0, 0, 0, 0, 0, 0, 0, 0, 0, 0, 0, 0, 0, 0, 0, 0, 0, 0, 0, 0, 0, 0, 0, 0, 0, 0, 0, 0, 0, 0, 0, 0, 0, 0, 0, 0, 0, 0, 0, 0, 0, 0, 0, 0, 0, 0, 0, 0]
[0, 0, 0, 0, 0, 0, 0, 0, 0, 0, 0, 0, 0, 0, 0, 0, 0, 0, 0, 0, 0, 0, 0, 0, 0, 0, 0, 0, 0, 0, 0, 5.0, 0, 8.0, 0, 0, 0, 0, 0, 0, 0, 0, 0, 0, 0, 0, 0, 0, 0, 0, 0, 0, 0, 0, 0, 0, 0, 0, 0, 0, 0, 0, 0, 0, 0, 0, 0, 0, 0, 0, 0, 0, 0, 0, 0, 0, 0, 0, 0, 0, 0, 0, 0, 0, 0, 0, 0, 0, 0, 0, 0, 0, 0, 0, 0, 0, 0, 0, 0, 0]
[0, 11.0, 0, 0, 0, 14.0, 2.0, 0, 0, 0, 0, 0, 0, 11.0, 0, 0, 0, 0, 0, 10.0, 0, 7.0, 0, 0, 0, 0, 0, 0, 7.0, 0, 0, 0, 8.0, 0, 12.0, 0, 0, 0, 0, 0, 0, 0, 0, 0, 0, 0, 0, 0, 0, 0, 0, 0, 0, 0, 0, 0, 0, 0, 0, 0, 2.0, 0, 0, 0, 0, 0, 14.0, 0, 0, 0, 0, 0, 0, 0, 0, 0, 0, 0, 0, 0, 0, 0, 0, 6.0, 0, 0, 11.0, 0, 0, 0, 0, 0, 0, 0, 0, 0, 0, 14.0, 0, 0]
[0, 0, 0, 0, 0, 0, 5.0, 0, 0, 0, 0, 0, 0, 0, 0, 0, 0, 0, 0, 0, 0, 0, 0, 0, 0, 0, 0, 0, 0, 0, 0, 0, 0, 12.0, 0, 5.0, 0, 0, 0, 0, 0, 0, 0, 0, 0, 0, 0, 0, 0, 0, 0, 0, 0, 0, 0, 0, 0, 0, 0, 0, 0, 0, 0, 0, 0, 0, 0, 0, 0, 0, 10.0, 15.0, 0, 0, 0, 0, 0, 0, 0, 2.0, 0, 0, 0, 0, 0, 0, 0, 0, 0, 0, 0, 0, 0, 0, 0, 0, 0, 0, 0, 0]
[0, 0, 0, 0, 0, 0, 0, 0, 0, 0, 0, 0, 0, 0, 0, 0, 0, 0, 0, 0, 0, 0, 0, 0, 0, 0, 0, 0, 0, 0, 0, 0, 0, 0, 5.0, 0, 1.0, 0, 0, 0, 0, 0, 0, 0, 0, 0, 0, 0, 0, 0, 0, 0, 0, 0, 0, 0, 0, 0, 0, 0, 0, 0, 0, 0, 0, 0, 0, 0, 0, 0, 0, 0, 0, 0, 0, 0, 0, 0, 0, 0, 0, 0, 0, 0, 0, 0, 0, 0, 0, 0, 0, 0, 0, 0, 0, 0, 0, 0, 0, 0]
[0, 5.0, 0, 0, 0, 0, 0, 0, 0, 0, 0, 0, 0, 0, 0, 0, 0, 0, 0, 0, 0, 0, 10.0, 1.0, 0, 0, 0, 0, 7.0, 15.0, 0, 0, 0, 0, 0, 1.0, 0, 9.0, 0, 0, 0, 0, 0, 0, 0, 0, 0, 0, 0, 0, 0, 0, 0, 0, 0, 0, 0, 0, 0, 0, 0, 0, 0, 0, 0, 0, 0, 0, 0, 0, 0, 4.0, 0, 0, 0, 0, 0, 0, 0, 0, 0, 0, 0, 0, 0, 0, 0, 0, 0, 0, 0, 0, 7.0, 1.0, 0, 0, 7.0, 8.0, 0, 0]
[0, 0, 0, 0, 0, 0, 0, 0, 0, 0, 0, 0, 0, 0, 0, 0, 0, 0, 0, 0, 0, 0, 0, 0, 0, 0, 0, 0, 0, 0, 0, 0, 0, 0, 0, 0, 9.0, 0, 13.0, 0, 0, 0, 0, 0, 0, 0, 0, 0, 0, 0, 12.0, 0, 0, 0, 0, 0, 0, 0, 0, 0, 0, 0, 0, 0, 0, 0, 0, 0, 0, 0, 0, 0, 0, 0, 0, 0, 0, 0, 0, 0, 0, 0, 0, 0, 0, 0, 0, 0, 0, 0, 0, 2.0, 0, 0, 0, 0, 0, 0, 0, 0]
[0, 0, 0, 14.0, 0, 0, 0, 5.0, 8.0, 0, 0, 0, 0, 0, 0, 0, 0, 0, 0, 0, 0, 0, 0, 0, 0, 0, 0, 0, 0, 0, 0, 0, 0, 0, 0, 0, 0, 13.0, 0, 4.0, 0, 0, 0, 0, 0, 0, 0, 0, 0, 0, 0, 0, 0, 0, 0, 0, 0, 0, 0, 0, 0, 0, 0, 0, 0, 0, 0, 0, 0, 0, 0, 0, 0, 0, 0, 0, 0, 0, 6.0, 0, 0, 0, 0, 0, 0, 0, 0, 0, 0, 0, 0, 0, 0, 0, 2.0, 0, 0, 0, 0, 0]
[0, 0, 0, 0, 0, 0, 7.0, 3.0, 0, 3.0, 0, 0, 0, 9.0, 0, 0, 0, 0, 4.0, 0, 0, 0, 0, 4.0, 0, 4.0, 0, 0, 0, 0, 0, 0, 0, 0, 0, 0, 0, 0, 4.0, 0, 13.0, 0, 0, 0, 0, 0, 0, 0, 0, 0, 0, 0, 0, 0, 0, 0, 0, 6.0, 0, 0, 0, 7.0, 0, 12.0, 0, 0, 6.0, 0, 0, 0, 0, 0, 0, 13.0, 0, 0, 0, 0, 0, 0, 0, 0, 0, 0, 0, 0, 0, 0, 12.0, 0, 9.0, 0, 0, 0, 0, 0, 0, 14.0, 0, 0]
[0, 0, 0, 0, 0, 9.0, 0, 0, 0, 0, 0, 0, 0, 0, 0, 0, 0, 0, 0, 0, 0, 0, 0, 0, 0, 0, 0, 0, 0, 0, 0, 0, 0, 0, 0, 0, 0, 0, 0, 13.0, 0, 10.0, 0, 0, 0, 0, 0, 0, 0, 0, 0, 3.0, 0, 0, 0, 0, 0, 0, 0, 0, 0, 0, 0, 0, 0, 0, 0, 0, 0, 0, 0, 0, 0, 0, 0, 0, 0, 0, 0, 0, 0, 0, 0, 0, 0, 0, 0, 0, 0, 0, 0, 0, 0, 0, 0, 0, 0, 0, 0, 0]
[0, 0, 0, 0, 0, 0, 0, 0, 0, 0, 0, 0, 0, 0, 0, 0, 0, 0, 0, 0, 0, 0, 0, 0, 0, 0, 0, 0, 0, 0, 0, 0, 0, 0, 0, 0, 0, 0, 0, 0, 10.0, 0, 14.0, 0, 0, 0, 0, 0, 0, 0, 0, 0, 0, 0, 0, 0, 0, 0, 0, 0, 0, 0, 0, 0, 0, 0, 0, 0, 0, 0, 0, 0, 0, 0, 0, 0, 0, 0, 0, 0, 0, 0, 0, 0, 0, 0, 0, 0, 0, 0, 0, 0, 0, 0, 0, 0, 0, 0, 0, 0]
[0, 0, 0, 0, 0, 0, 0, 0, 0, 0, 0, 0, 0, 0, 0, 0, 0, 0, 0, 0, 0, 0, 0, 0, 0, 0, 0, 0, 0, 0, 0, 0, 0, 0, 0, 0, 0, 0, 0, 0, 0, 14.0, 0, 3.0, 0, 0, 0, 0, 0, 0, 0, 0, 0, 0, 0, 0, 0, 0, 0, 0, 0, 0, 0, 0, 0, 0, 0, 0, 0, 0, 0, 0, 0, 0, 0, 0, 0, 0, 0, 0, 0, 0, 0, 0, 0, 0, 0, 0, 0, 0, 0, 0, 0, 0, 0, 0, 0, 0, 0, 0]
[0, 0, 0, 0, 0, 0, 0, 0, 0, 0, 0, 0, 0, 0, 0, 0, 0, 0, 0, 0, 0, 0, 0, 0, 0, 0, 0, 0, 0, 0, 0, 0, 0, 0, 0, 0, 0, 0, 0, 0, 0, 0, 3.0, 0, 7.0, 0, 0, 0, 0, 0, 0, 0, 0, 0, 0, 0, 0, 0, 0, 0, 0, 0, 0, 0, 0, 0, 0, 0, 0, 0, 0, 0, 0, 0, 0, 0, 0, 0, 0, 0, 0, 0, 0, 0, 0, 0, 0, 0, 0, 0, 0, 0, 0, 0, 0, 0, 0, 0, 0, 0]
[0, 0, 0, 0, 0, 14.0, 0, 0, 0, 0, 0, 0, 0, 0, 7.0, 0, 0, 0, 0, 0, 0, 0, 0, 0, 0, 0, 0, 0, 0, 0, 0, 0, 0, 0, 0, 0, 0, 0, 0, 0, 0, 0, 0, 7.0, 0, 15.0, 0, 6.0, 0, 13.0, 0, 0, 12.0, 0, 15.0, 0, 0, 0, 8.0, 7.0, 0, 11.0, 0, 0, 0, 0, 0, 0, 0, 0, 0, 4.0, 15.0, 0, 0, 0, 0, 0, 0, 0, 0, 10.0, 0, 0, 0, 0, 14.0, 0, 0, 0, 0, 0, 0, 0, 0, 0, 0, 0, 0, 0]
[0, 0, 0, 0, 0, 0, 0, 0, 0, 0, 0, 0, 0, 0, 0, 0, 0, 0, 0, 0, 0, 0, 0, 0, 0, 0, 0, 0, 0, 0, 0, 0, 0, 0, 0, 0, 0, 0, 0, 0, 0, 0, 0, 0, 15.0, 0, 13.0, 0, 0, 0, 0, 0, 0, 0, 0, 0, 0, 0, 0, 0, 0, 0, 0, 0, 0, 0, 0, 0, 0, 0, 0, 0, 0, 0, 0, 0, 0, 0, 0, 0, 0, 0, 0, 0, 0, 0, 0, 0, 8.0, 0, 0, 0, 0, 0, 0, 0, 0, 0, 0, 0]
[0, 13.0, 0, 0, 0, 0, 0, 0, 0, 0, 0, 0, 0, 0, 0, 0, 0, 0, 0, 0, 0, 0, 0, 0, 8.0, 0, 0, 0, 0, 0, 0, 0, 0, 0, 0, 0, 0, 0, 0, 0, 0, 0, 0, 0, 0, 13.0, 0, 6.0, 0, 0, 0, 0, 0, 0, 0, 0, 0, 0, 0, 0, 15.0, 0, 0, 0, 0, 0, 0, 0, 0, 0, 0, 0, 0, 0, 0, 0, 0, 0, 0, 0, 14.0, 0, 0, 0, 0, 13.0, 0, 0, 0, 0, 0, 0, 0, 0, 0, 0, 0, 0, 0, 0]
[0, 12.0, 0, 0, 0, 5.0, 0, 0, 0, 0, 0, 0, 0, 0, 5.0, 0, 0, 0, 0, 0, 0, 0, 0, 0, 15.0, 0, 0, 0, 0, 0, 0, 0, 0, 0, 0, 0, 0, 0, 0, 0, 0, 0, 0, 0, 6.0, 0, 6.0, 0, 13.0, 7.0, 0, 0, 2.0, 0, 11.0, 0, 0, 0, 8.0, 9.0, 2.0, 4.0, 0, 0, 0, 0, 0, 0, 0, 0, 0, 12.0, 7.0, 0, 0, 0, 0, 0, 0, 0, 2.0, 8.0, 0, 0, 0, 12.0, 3.0, 0, 0, 0, 0, 0, 0, 0, 0, 0, 0, 0, 0, 0]
[0, 0, 0, 0, 0, 0, 0, 0, 0, 0, 0, 0, 0, 0, 0, 0, 0, 0, 0, 0, 0, 0, 0, 0, 0, 0, 0, 0, 0, 0, 0, 0, 0, 0, 0, 0, 0, 0, 0, 0, 0, 0, 0, 0, 0, 0, 0, 13.0, 0, 9.0, 0, 0, 0, 0, 0, 0, 0, 0, 0, 0, 0, 0, 0, 0, 0, 0, 0, 0, 0, 0, 0, 0, 0, 0, 0, 0, 0, 0, 0, 0, 0, 0, 0, 0, 0, 0, 0, 0, 0, 0, 0, 0, 0, 0, 0, 0, 0, 0, 0, 0]
[0, 0, 0, 0, 0, 8.0, 0, 0, 0, 0, 0, 0, 0, 0, 7.0, 0, 0, 0, 0, 0, 0, 0, 0, 0, 0, 0, 0, 0, 0, 0, 0, 0, 0, 0, 0, 0, 0, 0, 0, 0, 0, 0, 0, 0, 13.0, 0, 0, 7.0, 9.0, 0, 9.0, 0, 14.0, 0, 10.0, 0, 0, 0, 3.0, 6.0, 0, 15.0, 0, 0, 0, 0, 0, 0, 0, 0, 0, 14.0, 6.0, 0, 0, 0, 0, 0, 0, 0, 0, 15.0, 0, 0, 0, 0, 7.0, 0, 0, 0, 0, 0, 0, 0, 0, 0, 0, 0, 0, 0]
[0, 0, 0, 4.0, 0, 0, 0, 0, 0, 0, 0, 0, 0, 0, 0, 0, 0, 0, 0, 0, 0, 0, 0, 0, 0, 0, 0, 0, 0, 0, 0, 0, 0, 0, 0, 0, 0, 12.0, 0, 0, 0, 0, 0, 0, 0, 0, 0, 0, 0, 9.0, 0, 15.0, 0, 0, 0, 0, 0, 0, 0, 0, 0, 0, 2.0, 0, 0, 0, 0, 0, 0, 0, 0, 0, 0, 0, 0, 0, 0, 0, 0, 0, 0, 0, 0, 0, 0, 0, 0, 0, 0, 0, 0, 7.0, 0, 0, 5.0, 0, 0, 0, 0, 0]
[0, 0, 0, 0, 0, 10.0, 0, 0, 0, 0, 0, 0, 0, 0, 0, 0, 0, 0, 0, 0, 0, 0, 0, 0, 0, 0, 0, 0, 0, 0, 0, 0, 0, 0, 0, 0, 0, 0, 0, 0, 3.0, 0, 0, 0, 0, 0, 0, 0, 0, 0, 15.0, 0, 5.0, 0, 0, 0, 0, 0, 0, 0, 0, 0, 0, 0, 0, 0, 0, 0, 0, 0, 0, 0, 0, 0, 0, 0, 0, 0, 0, 0, 0, 0, 0, 0, 0, 0, 0, 0, 0, 0, 0, 0, 0, 0, 0, 0, 0, 0, 0, 0]
[0, 0, 0, 0, 0, 11.0, 0, 0, 0, 0, 0, 0, 0, 0, 6.0, 0, 0, 0, 0, 0, 0, 0, 0, 0, 0, 0, 0, 0, 0, 0, 0, 0, 0, 0, 0, 0, 0, 0, 0, 0, 0, 0, 0, 0, 12.0, 0, 0, 2.0, 0, 14.0, 0, 5.0, 0, 5.0, 7.0, 0, 0, 0, 5.0, 10.0, 0, 6.0, 0, 0, 0, 0, 0, 0, 0, 0, 0, 8.0, 7.0, 0, 0, 0, 0, 0, 0, 0, 0, 13.0, 0, 0, 0, 0, 14.0, 0, 0, 0, 0, 0, 0, 0, 0, 0, 0, 0, 0, 0]
[0, 0, 0, 0, 0, 0, 0, 0, 0, 0, 0, 0, 0, 0, 0, 0, 0, 0, 0, 0, 0, 0, 0, 0, 0, 0, 0, 0, 0, 0, 0, 0, 0, 0, 0, 0, 0, 0, 0, 0, 0, 0, 0, 0, 0, 0, 0, 0, 0, 0, 0, 0, 5.0, 0, 11.0, 0, 0, 0, 0, 0, 0, 0, 0, 0, 0, 0, 0, 0, 0, 0, 0, 0, 0, 0, 0, 0, 0, 0, 0, 0, 0, 0, 0, 0, 0, 0, 0, 0, 0, 0, 0, 0, 0, 0, 0, 0, 0, 0, 0, 0]
[0, 0, 0, 0, 0, 11.0, 0, 0, 0, 0, 0, 0, 0, 0, 13.0, 0, 0, 0, 0, 0, 0, 0, 0, 0, 0, 0, 0, 0, 0, 0, 0, 0, 0, 0, 0, 0, 0, 0, 0, 0, 0, 0, 0, 0, 15.0, 0, 0, 11.0, 0, 10.0, 0, 0, 7.0, 11.0, 0, 3.0, 0, 0, 8.0, 7.0, 0, 6.0, 0, 0, 0, 0, 0, 0, 0, 0, 0, 4.0, 15.0, 0, 0, 0, 0, 0, 0, 0, 0, 1.0, 0, 0, 0, 0, 2.0, 0, 0, 0, 0, 0, 0, 0, 0, 0, 0, 0, 0, 0]
[0, 0, 0, 0, 0, 0, 0, 0, 0, 0, 0, 0, 0, 0, 0, 0, 0, 0, 0, 0, 0, 0, 0, 0, 0, 0, 0, 0, 0, 0, 0, 0, 0, 0, 0, 0, 0, 0, 0, 0, 0, 0, 0, 0, 0, 0, 0, 0, 0, 0, 0, 0, 0, 0, 3.0, 0, 3.0, 0, 0, 0, 0, 0, 0, 0, 0, 0, 0, 0, 0, 0, 0, 0, 0, 0, 0, 0, 0, 0, 0, 0, 0, 0, 0, 0, 0, 0, 0, 0, 0, 0, 0, 0, 0, 0, 0, 0, 0, 0, 0, 0]
[0, 0, 0, 0, 0, 0, 0, 0, 0, 0, 0, 0, 0, 0, 0, 0, 0, 0, 0, 0, 0, 0, 0, 0, 0, 0, 0, 0, 0, 0, 0, 0, 0, 0, 0, 0, 0, 0, 0, 0, 0, 0, 0, 0, 0, 0, 0, 0, 0, 0, 0, 0, 0, 0, 0, 3.0, 0, 4.0, 0, 0, 0, 0, 0, 0, 0, 0, 0, 0, 0, 0, 0, 0, 0, 0, 0, 0, 0, 0, 0, 0, 0, 0, 0, 0, 0, 1.0, 0, 0, 0, 0, 0, 0, 0, 0, 0, 0, 0, 0, 0, 12.0]
[0, 0, 0, 0, 0, 0, 5.0, 0, 0, 0, 0, 0, 0, 0, 0, 0, 0, 0, 0, 0, 0, 0, 0, 0, 0, 0, 0, 0, 0, 0, 0, 0, 0, 0, 0, 0, 0, 0, 0, 6.0, 0, 0, 0, 0, 0, 0, 0, 0, 0, 0, 0, 0, 0, 0, 0, 0, 4.0, 0, 9.0, 0, 0, 13.0, 0, 0, 0, 0, 0, 0, 0, 0, 0, 0, 0, 0, 0, 0, 0, 0, 0, 0, 0, 0, 0, 0, 0, 0, 0, 0, 0, 0, 0, 0, 0, 0, 0, 0, 0, 1.0, 0, 0]
[0, 0, 0, 0, 0, 9.0, 0, 0, 0, 0, 0, 0, 0, 0, 11.0, 0, 0, 0, 0, 0, 0, 0, 0, 0, 0, 0, 0, 0, 0, 0, 0, 0, 0, 0, 0, 0, 0, 0, 0, 0, 0, 0, 0, 0, 8.0, 0, 0, 8.0, 0, 3.0, 0, 0, 5.0, 0, 8.0, 0, 0, 9.0, 0, 7.0, 0, 3.0, 0, 0, 0, 0, 0, 0, 0, 0, 0, 11.0, 14.0, 0, 0, 0, 0, 0, 0, 0, 0, 15.0, 0, 0, 0, 0, 11.0, 0, 0, 0, 0, 0, 0, 0, 0, 0, 0, 0, 0, 0]
[0, 0, 0, 0, 0, 6.0, 0, 0, 0, 0, 0, 0, 0, 0, 1.0, 0, 0, 0, 0, 0, 0, 0, 0, 0, 0, 0, 0, 0, 0, 0, 0, 0, 0, 0, 0, 0, 0, 0, 0, 0, 0, 0, 0, 0, 7.0, 0, 0, 9.0, 0, 6.0, 0, 0, 10.0, 0, 7.0, 0, 0, 0, 7.0, 0, 14.0, 13.0, 0, 0, 0, 0, 0, 0, 0, 0, 0, 1.0, 6.0, 0, 0, 0, 0, 0, 0, 0, 0, 13.0, 0, 0, 0, 0, 14.0, 0, 0, 0, 0, 0, 0, 0, 0, 0, 0, 0, 0, 0]
[0, 10.0, 0, 0, 0, 15.0, 7.0, 0, 0, 0, 0, 0, 0, 0, 0, 0, 0, 0, 0, 0, 0, 6.0, 0, 0, 6.0, 0, 0, 0, 2.0, 0, 0, 0, 0, 2.0, 0, 0, 0, 0, 0, 0, 0, 0, 0, 0, 0, 0, 15.0, 2.0, 0, 0, 0, 0, 0, 0, 0, 0, 0, 0, 0, 14.0, 0, 9.0, 0, 0, 0, 0, 9.0, 0, 0, 0, 0, 0, 0, 0, 0, 0, 0, 0, 0, 0, 4.0, 0, 0, 11.0, 0, 2.0, 6.0, 0, 0, 0, 0, 0, 0, 0, 0, 0, 0, 13.0, 0, 0]
[0, 0, 0, 0, 0, 10.0, 13.0, 0, 0, 0, 0, 0, 0, 0, 15.0, 0, 0, 0, 0, 0, 14.0, 0, 0, 0, 0, 0, 0, 0, 0, 0, 0, 0, 0, 0, 0, 0, 0, 0, 0, 7.0, 0, 0, 0, 0, 11.0, 0, 0, 4.0, 0, 15.0, 0, 0, 6.0, 0, 6.0, 0, 0, 13.0, 3.0, 13.0, 9.0, 0, 12.0, 0, 0, 0, 0, 0, 0, 0, 0, 14.0, 4.0, 0, 0, 0, 0, 0, 0, 0, 0, 13.0, 0, 0, 0, 0, 12.0, 0, 0, 0, 0, 0, 0, 5.0, 0, 0, 0, 3.0, 0, 0]
[0, 0, 0, 4.0, 0, 0, 0, 0, 0, 12.0, 0, 0, 0, 0, 0, 0, 0, 0, 0, 0, 0, 0, 0, 0, 0, 0, 0, 0, 0, 0, 0, 0, 0, 0, 0, 0, 0, 0, 0, 0, 0, 0, 0, 0, 0, 0, 0, 0, 0, 0, 2.0, 0, 0, 0, 0, 0, 0, 0, 0, 0, 0, 12.0, 0, 9.0, 0, 0, 0, 0, 0, 0, 0, 0, 0, 0, 2.0, 0, 0, 0, 0, 0, 0, 0, 0, 0, 0, 0, 0, 0, 0, 0, 0, 0, 0, 0, 0, 0, 0, 8.0, 0, 0]
[0, 0, 0, 0, 0, 0, 0, 6.0, 0, 14.0, 0, 0, 0, 3.0, 0, 0, 0, 0, 9.0, 0, 0, 0, 0, 6.0, 0, 15.0, 0, 0, 0, 0, 0, 0, 0, 0, 0, 0, 0, 0, 0, 12.0, 0, 0, 0, 0, 0, 0, 0, 0, 0, 0, 0, 0, 0, 0, 0, 0, 0, 0, 0, 0, 0, 0, 9.0, 0, 4.0, 0, 1.0, 0, 0, 0, 0, 0, 0, 2.0, 0, 0, 0, 0, 0, 0, 0, 0, 0, 0, 0, 0, 0, 0, 10.0, 0, 6.0, 0, 0, 0, 0, 0, 0, 0, 0, 0]
[0, 0, 0, 0, 0, 0, 0, 0, 0, 0, 0, 0, 0, 0, 0, 0, 0, 0, 0, 0, 0, 0, 0, 0, 0, 0, 0, 0, 0, 0, 0, 0, 0, 0, 0, 0, 0, 0, 0, 0, 0, 0, 0, 0, 0, 0, 0, 0, 0, 0, 0, 0, 0, 0, 0, 0, 0, 0, 0, 0, 0, 0, 0, 4.0, 0, 15.0, 0, 0, 0, 0, 0, 0, 0, 0, 0, 0, 0, 0, 0, 0, 0, 0, 0, 0, 0, 0, 0, 0, 0, 0, 0, 0, 0, 0, 0, 0, 0, 0, 0, 0]
[0, 0, 0, 0, 0, 0, 0, 0, 0, 0, 0, 0, 0, 0, 0, 0, 0, 0, 0, 0, 0, 0, 0, 0, 0, 0, 0, 0, 0, 0, 0, 0, 0, 0, 0, 0, 0, 0, 0, 0, 0, 0, 0, 0, 0, 0, 0, 0, 0, 0, 0, 0, 0, 0, 0, 0, 0, 0, 0, 0, 0, 0, 0, 0, 15.0, 0, 7.0, 0, 0, 0, 0, 0, 0, 0, 0, 0, 0, 0, 0, 0, 0, 0, 0, 0, 0, 0, 0, 0, 0, 0, 0, 0, 0, 0, 0, 0, 0, 0, 0, 0]
[0, 0, 0, 0, 0, 15.0, 14.0, 1.0, 0, 2.0, 0, 0, 0, 14.0, 0, 0, 0, 0, 5.0, 0, 0, 14.0, 0, 14.0, 0, 1.0, 0, 0, 1.0, 0, 0, 0, 0, 14.0, 0, 0, 0, 0, 0, 6.0, 0, 0, 0, 0, 0, 0, 0, 0, 0, 0, 0, 0, 0, 0, 0, 0, 0, 0, 0, 0, 9.0, 0, 0, 1.0, 0, 7.0, 0, 3.0, 0, 0, 0, 0, 0, 15.0, 0, 0, 0, 0, 0, 0, 0, 0, 0, 5.0, 0, 0, 15.0, 0, 1.0, 0, 11.0, 0, 0, 0, 0, 0, 0, 11.0, 0, 0]
[0, 0, 0, 0, 0, 0, 0, 0, 0, 0, 0, 0, 0, 0, 0, 0, 0, 0, 0, 0, 11.0, 0, 0, 0, 0, 0, 0, 0, 0, 0, 0, 0, 0, 0, 0, 0, 0, 0, 0, 0, 0, 0, 0, 0, 0, 0, 0, 0, 0, 0, 0, 0, 0, 0, 0, 0, 0, 0, 0, 0, 0, 0, 0, 0, 0, 0, 3.0, 0, 7.0, 0, 0, 0, 0, 0, 0, 0, 0, 0, 0, 0, 0, 0, 0, 0, 0, 0, 0, 0, 0, 0, 0, 0, 0, 0, 0, 0, 5.0, 0, 0, 0]
[0, 0, 0, 0, 0, 0, 0, 0, 0, 0, 0, 0, 0, 0, 0, 0, 0, 0, 0, 0, 0, 0, 0, 0, 0, 0, 0, 0, 0, 0, 0, 0, 0, 0, 0, 0, 0, 0, 0, 0, 0, 0, 0, 0, 0, 0, 0, 0, 0, 0, 0, 0, 0, 0, 0, 0, 0, 0, 0, 0, 0, 0, 0, 0, 0, 0, 0, 7.0, 0, 8.0, 0, 0, 0, 0, 0, 0, 0, 0, 0, 0, 0, 0, 0, 0, 0, 0, 0, 0, 0, 0, 0, 0, 0, 0, 0, 0, 0, 0, 0, 0]
[0, 0, 0, 0, 0, 0, 0, 0, 0, 0, 0, 0, 0, 0, 0, 0, 0, 0, 0, 0, 0, 0, 0, 0, 0, 0, 0, 0, 0, 0, 0, 0, 0, 0, 0, 0, 0, 0, 0, 0, 0, 0, 0, 0, 0, 0, 0, 0, 0, 0, 0, 0, 0, 0, 0, 0, 0, 0, 0, 0, 0, 0, 0, 0, 0, 0, 0, 0, 8.0, 0, 13.0, 0, 0, 0, 0, 0, 0, 0, 0, 0, 0, 0, 0, 0, 0, 0, 0, 0, 0, 0, 0, 0, 0, 0, 0, 0, 0, 0, 0, 0]
[0, 0, 0, 0, 0, 0, 0, 0, 0, 0, 0, 0, 0, 0, 0, 0, 0, 0, 0, 0, 0, 0, 0, 0, 0, 0, 0, 0, 0, 0, 0, 0, 0, 0, 10.0, 0, 0, 0, 0, 0, 0, 0, 0, 0, 0, 0, 0, 0, 0, 0, 0, 0, 0, 0, 0, 0, 0, 0, 0, 0, 0, 0, 0, 0, 0, 0, 0, 0, 0, 13.0, 0, 4.0, 0, 0, 0, 0, 0, 0, 0, 0, 0, 0, 0, 0, 0, 0, 0, 0, 0, 0, 0, 0, 0, 0, 0, 0, 0, 0, 0, 0]
[0, 0, 0, 0, 0, 12.0, 0, 0, 0, 0, 0, 0, 0, 0, 7.0, 0, 0, 0, 0, 0, 0, 0, 4.0, 6.0, 0, 0, 0, 0, 2.0, 5.0, 0, 0, 0, 0, 15.0, 0, 4.0, 0, 0, 0, 0, 0, 0, 0, 4.0, 0, 0, 12.0, 0, 14.0, 0, 0, 8.0, 0, 4.0, 0, 0, 0, 11.0, 1.0, 0, 14.0, 0, 0, 0, 0, 0, 0, 0, 0, 4.0, 0, 8.0, 0, 0, 0, 0, 0, 0, 0, 0, 13.0, 0, 0, 0, 0, 7.0, 0, 0, 0, 0, 0, 5.0, 8.0, 0, 0, 0, 0, 0, 0]
[0, 0, 0, 0, 0, 2.0, 0, 1.0, 0, 0, 0, 0, 0, 0, 15.0, 0, 0, 0, 0, 0, 0, 0, 0, 0, 0, 0, 0, 0, 0, 0, 0, 0, 0, 0, 0, 0, 0, 0, 0, 0, 0, 0, 0, 0, 15.0, 0, 0, 7.0, 0, 6.0, 0, 0, 7.0, 0, 15.0, 0, 0, 0, 14.0, 6.0, 0, 4.0, 0, 0, 0, 0, 0, 0, 0, 0, 0, 8.0, 0, 2.0, 0, 0, 0, 0, 0, 0, 0, 10.0, 0, 0, 0, 0, 3.0, 0, 0, 0, 0, 0, 0, 0, 0, 0, 0, 0, 0, 0]
[0, 0, 0, 0, 0, 0, 0, 4.0, 0, 15.0, 0, 0, 0, 9.0, 0, 0, 0, 0, 2.0, 0, 0, 0, 0, 12.0, 0, 7.0, 0, 0, 0, 0, 0, 0, 0, 0, 0, 0, 0, 0, 0, 13.0, 0, 0, 0, 0, 0, 0, 0, 0, 0, 0, 0, 0, 0, 0, 0, 0, 0, 0, 0, 0, 0, 0, 0, 2.0, 0, 0, 15.0, 0, 0, 0, 0, 0, 2.0, 0, 14.0, 0, 0, 0, 0, 0, 0, 0, 0, 0, 0, 0, 0, 0, 10.0, 0, 15.0, 0, 0, 0, 0, 0, 0, 0, 0, 0]
[0, 0, 0, 0, 0, 0, 0, 0, 0, 0, 0, 0, 0, 0, 0, 0, 0, 0, 0, 0, 0, 0, 0, 0, 0, 0, 0, 0, 0, 0, 0, 0, 0, 0, 0, 0, 0, 0, 0, 0, 0, 0, 0, 0, 0, 0, 0, 0, 0, 0, 0, 0, 0, 0, 0, 0, 0, 0, 0, 0, 0, 0, 2.0, 0, 0, 0, 0, 0, 0, 0, 0, 0, 0, 14.0, 0, 1.0, 0, 0, 0, 0, 0, 0, 0, 0, 0, 0, 0, 0, 0, 0, 0, 0, 0, 0, 0, 0, 0, 0, 0, 0]
[0, 0, 0, 0, 0, 0, 0, 0, 0, 0, 0, 0, 0, 0, 0, 0, 0, 0, 0, 0, 0, 0, 0, 0, 0, 0, 0, 0, 0, 0, 0, 0, 0, 0, 0, 0, 0, 0, 0, 0, 0, 0, 0, 0, 0, 0, 0, 0, 0, 0, 0, 0, 0, 0, 0, 0, 0, 0, 0, 0, 0, 0, 0, 0, 0, 0, 0, 0, 0, 0, 0, 0, 0, 0, 1.0, 0, 11.0, 0, 0, 0, 0, 0, 0, 0, 0, 0, 0, 0, 0, 0, 0, 0, 0, 0, 0, 0, 0, 0, 0, 0]
[0, 0, 0, 0, 0, 0, 0, 0, 0, 0, 0, 0, 0, 0, 0, 0, 0, 0, 0, 0, 0, 0, 0, 0, 0, 6.0, 0, 0, 0, 0, 10.0, 0, 0, 0, 0, 0, 0, 0, 0, 0, 0, 0, 0, 0, 0, 0, 0, 0, 0, 0, 0, 0, 0, 0, 0, 0, 0, 0, 0, 0, 0, 0, 0, 0, 0, 0, 0, 0, 0, 0, 0, 0, 0, 0, 0, 11.0, 0, 8.0, 0, 0, 0, 0, 0, 0, 0, 0, 0, 0, 0, 0, 0, 0, 0, 0, 0, 0, 0, 0, 0, 0]
[0, 0, 0, 0, 0, 0, 0, 0, 0, 0, 0, 0, 0, 0, 0, 0, 0, 0, 0, 0, 0, 0, 0, 0, 0, 0, 0, 0, 0, 0, 0, 0, 0, 0, 0, 0, 0, 0, 0, 0, 0, 0, 0, 0, 0, 0, 0, 0, 0, 0, 0, 0, 0, 0, 0, 0, 0, 0, 0, 0, 0, 0, 0, 0, 0, 0, 0, 0, 0, 0, 0, 0, 0, 0, 0, 0, 8.0, 0, 5.0, 0, 0, 0, 0, 0, 0, 0, 0, 0, 0, 0, 0, 0, 0, 0, 0, 0, 0, 0, 0, 0]
[0, 0, 0, 9.0, 0, 0, 0, 2.0, 7.0, 0, 0, 0, 0, 0, 0, 0, 0, 0, 0, 0, 0, 0, 0, 0, 0, 0, 0, 0, 0, 0, 0, 0, 0, 0, 0, 0, 0, 0, 6.0, 0, 0, 0, 0, 0, 0, 0, 0, 0, 0, 0, 0, 0, 0, 0, 0, 0, 0, 0, 0, 0, 0, 0, 0, 0, 0, 0, 0, 0, 0, 0, 0, 0, 0, 0, 0, 0, 0, 5.0, 0, 1.0, 0, 0, 0, 0, 0, 0, 0, 0, 0, 0, 0, 0, 0, 0, 12.0, 0, 0, 0, 0, 0]
[0, 0, 0, 0, 0, 0, 7.0, 0, 0, 0, 0, 0, 0, 0, 0, 0, 0, 0, 0, 0, 0, 0, 0, 0, 0, 0, 0, 2.0, 0, 0, 0, 0, 0, 0, 2.0, 0, 0, 0, 0, 0, 0, 0, 0, 0, 0, 0, 0, 0, 0, 0, 0, 0, 0, 0, 0, 0, 0, 0, 0, 0, 0, 0, 0, 0, 0, 0, 0, 0, 0, 0, 0, 0, 0, 0, 0, 0, 0, 0, 1.0, 0, 5.0, 0, 0, 0, 0, 0, 0, 0, 0, 0, 0, 0, 0, 0, 0, 0, 0, 0, 0, 0]
[0, 7.0, 0, 0, 0, 0, 0, 0, 0, 0, 0, 0, 0, 0, 0, 0, 0, 0, 0, 0, 0, 0, 0, 0, 12.0, 0, 0, 0, 0, 0, 0, 0, 0, 0, 0, 0, 0, 0, 0, 0, 0, 0, 0, 0, 0, 0, 14.0, 2.0, 0, 0, 0, 0, 0, 0, 0, 0, 0, 0, 0, 0, 4.0, 0, 0, 0, 0, 0, 0, 0, 0, 0, 0, 0, 0, 0, 0, 0, 0, 0, 0, 5.0, 0, 13.0, 0, 0, 0, 4.0, 0, 0, 0, 0, 0, 0, 0, 0, 0, 0, 0, 0, 0, 0]
[0, 0, 0, 0, 0, 13.0, 0, 0, 0, 0, 0, 0, 0, 0, 7.0, 0, 0, 0, 0, 0, 0, 0, 0, 0, 0, 0, 0, 0, 0, 0, 0, 0, 0, 0, 0, 0, 0, 0, 0, 0, 0, 0, 0, 0, 10.0, 0, 0, 8.0, 0, 15.0, 0, 0, 13.0, 0, 1.0, 0, 0, 0, 15.0, 13.0, 0, 13.0, 0, 0, 0, 0, 0, 0, 0, 0, 0, 13.0, 10.0, 0, 0, 0, 0, 0, 0, 0, 13.0, 0, 12.0, 0, 0, 0, 6.0, 0, 0, 0, 0, 0, 0, 0, 0, 0, 0, 0, 0, 0]
[0, 0, 0, 0, 0, 0, 0, 0, 0, 0, 0, 0, 0, 0, 0, 0, 0, 0, 0, 0, 0, 0, 0, 0, 0, 0, 0, 0, 0, 0, 0, 0, 0, 0, 0, 0, 0, 0, 0, 0, 0, 0, 0, 0, 0, 0, 0, 0, 0, 0, 0, 0, 0, 0, 0, 0, 0, 0, 0, 0, 0, 0, 0, 0, 0, 0, 0, 0, 0, 0, 0, 0, 0, 0, 0, 0, 0, 0, 0, 0, 0, 12.0, 0, 8.0, 0, 0, 0, 0, 0, 0, 0, 0, 0, 0, 0, 0, 0, 0, 0, 0]
[0, 0, 0, 0, 0, 12.0, 7.0, 0, 0, 0, 0, 0, 0, 0, 0, 0, 0, 0, 0, 0, 0, 4.0, 0, 0, 0, 0, 0, 0, 8.0, 0, 0, 0, 0, 6.0, 0, 0, 0, 0, 0, 0, 0, 0, 0, 0, 0, 0, 0, 0, 0, 0, 0, 0, 0, 0, 0, 0, 0, 0, 0, 0, 11.0, 0, 0, 0, 0, 0, 5.0, 0, 0, 0, 0, 0, 0, 0, 0, 0, 0, 0, 0, 0, 0, 0, 8.0, 0, 15.0, 0, 5.0, 0, 0, 0, 0, 0, 0, 0, 0, 0, 0, 2.0, 0, 0]
[0, 15.0, 0, 0, 0, 0, 0, 0, 0, 5.0, 0, 0, 0, 0, 0, 0, 0, 0, 0, 0, 0, 0, 0, 0, 0, 11.0, 0, 0, 0, 0, 0, 0, 0, 0, 0, 0, 0, 0, 0, 0, 0, 0, 0, 0, 0, 0, 0, 0, 0, 0, 0, 0, 0, 0, 0, 0, 0, 0, 0, 0, 0, 0, 0, 0, 0, 0, 0, 0, 0, 0, 0, 0, 0, 0, 0, 0, 0, 0, 0, 0, 0, 0, 0, 15.0, 0, 15.0, 0, 0, 0, 0, 0, 0, 0, 0, 0, 0, 0, 0, 0, 0]
[0, 5.0, 0, 0, 0, 0, 0, 0, 0, 0, 0, 0, 0, 0, 0, 0, 0, 0, 0, 0, 0, 0, 0, 0, 11.0, 0, 0, 0, 0, 0, 0, 0, 0, 0, 0, 0, 0, 0, 0, 0, 0, 0, 0, 0, 0, 0, 13.0, 12.0, 0, 0, 0, 0, 0, 0, 0, 0, 1.0, 0, 0, 0, 2.0, 0, 0, 0, 0, 0, 0, 0, 0, 0, 0, 0, 0, 0, 0, 0, 0, 0, 0, 0, 4.0, 0, 0, 0, 15.0, 0, 8.0, 0, 0, 0, 0, 0, 0, 0, 0, 0, 0, 0, 0, 14.0]
[0, 0, 0, 0, 0, 13.0, 11.0, 0, 0, 0, 0, 0, 0, 0, 2.0, 0, 0, 0, 0, 0, 0, 7.0, 0, 0, 0, 0, 0, 0, 5.0, 0, 0, 0, 0, 11.0, 0, 0, 0, 0, 0, 0, 0, 0, 0, 0, 14.0, 0, 0, 3.0, 0, 7.0, 0, 0, 14.0, 0, 2.0, 0, 0, 0, 11.0, 14.0, 6.0, 12.0, 0, 0, 0, 0, 15.0, 0, 0, 0, 0, 7.0, 3.0, 0, 0, 0, 0, 0, 0, 0, 0, 6.0, 0, 5.0, 0, 8.0, 0, 4.0, 0, 0, 0, 0, 0, 7.0, 0, 0, 0, 12.0, 0, 0]
[0, 0, 0, 0, 0, 0, 0, 0, 0, 0, 0, 0, 0, 0, 0, 0, 0, 0, 0, 0, 0, 0, 0, 0, 0, 0, 0, 0, 0, 0, 0, 0, 0, 0, 0, 0, 0, 0, 0, 0, 0, 0, 0, 0, 0, 0, 0, 0, 0, 0, 0, 0, 0, 0, 0, 0, 0, 0, 0, 0, 0, 0, 0, 0, 0, 0, 0, 0, 0, 0, 0, 0, 0, 0, 0, 0, 0, 0, 0, 0, 0, 0, 0, 0, 0, 0, 4.0, 0, 11.0, 0, 0, 0, 0, 0, 0, 0, 0, 0, 0, 0]
[0, 0, 0, 0, 0, 0, 0, 13.0, 0, 2.0, 0, 0, 0, 4.0, 0, 0, 0, 0, 14.0, 0, 0, 0, 0, 13.0, 0, 15.0, 0, 0, 0, 0, 0, 0, 0, 0, 0, 0, 0, 0, 0, 12.0, 0, 0, 0, 0, 0, 8.0, 0, 0, 0, 0, 0, 0, 0, 0, 0, 0, 0, 0, 0, 0, 0, 0, 0, 10.0, 0, 0, 1.0, 0, 0, 0, 0, 0, 0, 10.0, 0, 0, 0, 0, 0, 0, 0, 0, 0, 0, 0, 0, 0, 11.0, 0, 11.0, 11.0, 0, 0, 0, 0, 0, 0, 0, 0, 0]
[0, 0, 0, 0, 0, 0, 0, 0, 0, 0, 0, 0, 0, 0, 0, 0, 0, 8.0, 0, 0, 0, 0, 0, 0, 0, 0, 0, 0, 0, 0, 0, 0, 0, 0, 0, 0, 0, 0, 0, 0, 0, 0, 0, 0, 0, 0, 0, 0, 0, 0, 0, 0, 0, 0, 0, 0, 0, 0, 0, 0, 0, 0, 0, 0, 0, 0, 0, 0, 0, 0, 0, 0, 0, 0, 0, 0, 0, 0, 0, 0, 0, 0, 0, 0, 0, 0, 0, 0, 11.0, 0, 5.0, 0, 0, 0, 0, 0, 0, 0, 0, 0]
[0, 0, 0, 0, 0, 0, 0, 3.0, 0, 5.0, 0, 0, 0, 2.0, 0, 0, 0, 0, 10.0, 0, 0, 0, 0, 1.0, 0, 2.0, 0, 0, 0, 0, 0, 0, 0, 0, 0, 0, 0, 0, 0, 9.0, 0, 0, 0, 0, 0, 0, 0, 0, 0, 0, 0, 0, 0, 0, 0, 0, 0, 0, 0, 0, 0, 0, 0, 6.0, 0, 0, 11.0, 0, 0, 0, 0, 0, 0, 15.0, 0, 0, 0, 0, 0, 0, 0, 0, 0, 0, 0, 0, 0, 0, 11.0, 5.0, 0, 10.0, 0, 0, 0, 0, 0, 0, 0, 0]
[0, 0, 0, 0, 0, 0, 0, 0, 0, 0, 0, 0, 0, 0, 0, 0, 0, 0, 0, 0, 0, 0, 0, 0, 0, 0, 14.0, 0, 0, 0, 0, 0, 0, 0, 0, 0, 0, 2.0, 0, 0, 0, 0, 0, 0, 0, 0, 0, 0, 0, 0, 7.0, 0, 0, 0, 0, 0, 0, 0, 0, 0, 0, 0, 0, 0, 0, 0, 0, 0, 0, 0, 0, 0, 0, 0, 0, 0, 0, 0, 0, 0, 0, 0, 0, 0, 0, 0, 0, 0, 0, 0, 10.0, 0, 12.0, 0, 0, 0, 0, 0, 0, 0]
[0, 0, 0, 0, 0, 0, 0, 0, 0, 0, 0, 0, 0, 0, 0, 0, 0, 0, 0, 0, 0, 0, 7.0, 15.0, 0, 0, 0, 0, 6.0, 1.0, 0, 0, 0, 0, 0, 0, 7.0, 0, 0, 0, 0, 0, 0, 0, 0, 0, 0, 0, 0, 0, 0, 0, 0, 0, 0, 0, 0, 0, 0, 0, 0, 0, 0, 0, 0, 0, 0, 0, 0, 0, 0, 5.0, 0, 0, 0, 0, 0, 0, 0, 0, 0, 0, 0, 0, 0, 0, 0, 0, 0, 0, 0, 12.0, 0, 8.0, 0, 0, 0, 0, 0, 0]
[0, 0, 0, 0, 0, 0, 0, 0, 0, 0, 0, 0, 0, 0, 0, 0, 0, 0, 0, 0, 0, 0, 9.0, 15.0, 0, 0, 0, 0, 9.0, 3.0, 0, 0, 0, 0, 0, 0, 1.0, 0, 0, 0, 0, 0, 0, 0, 0, 0, 0, 0, 0, 0, 0, 0, 0, 0, 0, 0, 0, 0, 0, 0, 0, 5.0, 0, 0, 0, 0, 0, 0, 0, 0, 0, 8.0, 0, 0, 0, 0, 0, 0, 0, 0, 0, 0, 0, 0, 0, 0, 7.0, 0, 0, 0, 0, 0, 8.0, 0, 12.0, 0, 0, 0, 0, 0]
[0, 0, 0, 3.0, 0, 0, 0, 7.0, 14.0, 0, 0, 0, 0, 0, 0, 0, 0, 0, 0, 0, 0, 0, 0, 0, 0, 0, 0, 0, 0, 0, 0, 0, 0, 0, 0, 0, 0, 0, 2.0, 0, 0, 0, 0, 0, 0, 0, 0, 0, 0, 0, 5.0, 0, 0, 0, 0, 0, 0, 0, 0, 0, 0, 0, 0, 0, 0, 0, 0, 0, 0, 0, 0, 0, 0, 0, 0, 0, 0, 0, 12.0, 0, 0, 0, 0, 0, 0, 0, 0, 0, 0, 0, 0, 0, 0, 12.0, 0, 14.0, 0, 0, 0, 0]
[0, 0, 0, 0, 0, 0, 0, 0, 0, 0, 0, 0, 0, 0, 0, 0, 0, 0, 0, 0, 0, 0, 0, 0, 0, 0, 0, 0, 0, 0, 0, 0, 0, 0, 0, 0, 0, 0, 0, 0, 0, 0, 0, 0, 0, 0, 0, 0, 0, 0, 0, 0, 0, 0, 0, 0, 0, 0, 0, 0, 0, 0, 0, 0, 0, 0, 0, 0, 0, 0, 0, 0, 0, 0, 0, 0, 0, 0, 0, 0, 0, 0, 0, 0, 0, 0, 0, 0, 0, 0, 0, 0, 0, 0, 14.0, 0, 3.0, 0, 0, 0]
[0, 15.0, 0, 0, 0, 0, 0, 0, 0, 0, 0, 0, 0, 0, 0, 0, 0, 0, 0, 0, 6.0, 0, 0, 0, 0, 0, 0, 0, 0, 0, 0, 0, 0, 0, 0, 0, 7.0, 0, 0, 0, 0, 0, 0, 0, 0, 0, 0, 0, 0, 0, 0, 0, 0, 0, 0, 0, 0, 0, 0, 0, 0, 0, 0, 0, 0, 0, 0, 5.0, 0, 0, 0, 0, 0, 0, 0, 0, 0, 0, 0, 0, 0, 0, 0, 0, 0, 0, 0, 0, 0, 0, 0, 0, 0, 0, 0, 3.0, 0, 5.0, 0, 0]
[0, 15.0, 0, 0, 0, 15.0, 6.0, 0, 0, 6.0, 0, 0, 0, 0, 0, 0, 0, 0, 0, 0, 0, 14.0, 0, 0, 0, 0, 0, 0, 6.0, 0, 0, 0, 0, 14.0, 0, 0, 8.0, 0, 0, 14.0, 0, 0, 0, 0, 0, 0, 0, 0, 0, 0, 0, 0, 0, 0, 0, 0, 0, 1.0, 0, 0, 13.0, 3.0, 8.0, 0, 0, 0, 11.0, 0, 0, 0, 0, 0, 0, 0, 0, 0, 0, 0, 0, 0, 0, 0, 0, 2.0, 0, 0, 12.0, 0, 0, 0, 0, 0, 0, 0, 0, 0, 5.0, 0, 3.0, 0]
[0, 0, 0, 0, 0, 0, 0, 0, 0, 0, 0, 0, 0, 0, 0, 0, 0, 0, 0, 0, 0, 0, 0, 0, 0, 0, 0, 0, 0, 0, 0, 0, 0, 0, 0, 0, 0, 0, 0, 0, 0, 0, 0, 0, 0, 0, 0, 0, 0, 0, 0, 0, 0, 0, 0, 0, 0, 0, 0, 0, 0, 0, 0, 0, 0, 0, 0, 0, 0, 0, 0, 0, 0, 0, 0, 0, 0, 0, 0, 0, 0, 0, 0, 0, 0, 0, 0, 0, 0, 0, 0, 0, 0, 0, 0, 0, 0, 3.0, 0, 4.0]
[12.0, 0, 0, 0, 0, 0, 0, 11.0, 0, 0, 0, 0, 0, 0, 0, 0, 3.0, 0, 0, 0, 0, 0, 0, 0, 0, 0, 0, 0, 0, 0, 0, 0, 0, 0, 0, 0, 0, 0, 0, 0, 0, 0, 0, 0, 0, 0, 0, 0, 0, 0, 0, 0, 0, 0, 0, 0, 12.0, 0, 0, 0, 0, 0, 0, 0, 0, 0, 0, 0, 0, 0, 0, 0, 0, 0, 0, 0, 0, 0, 0, 0, 0, 0, 0, 0, 0, 14.0, 0, 0, 0, 0, 0, 0, 0, 0, 0, 0, 0, 0, 4.0, 0]
----------------------------------------------------------------------------
--------------------------ARQUIVO DE SAIDA--------------------------------------
Grafo de Ordem: 100

Grafo de tamanho: 519

Vizinhos do vértice 2: [1, 3, 6, 20, 25, 34, 37, 47, 48, 61, 81, 85, 86, 97, 98]


O 2 nao é Articulaçao!!
Densidade do Grafo: 5.19

Grau do vertice 2: 15
Ciclo euleriano: 
1-60 , 60-47 , 47-52 , 52-49 , 49-72 , 72-81 , 81-54 , 54-86 , 86-6 , 6-57 , 57-97 , 97-61 , 61-54 , 54-58 , 58-59 , 59-71 , 71-81 , 81-49 , 49-5 , 5-66 , 66-9 , 9-25 , 25-84 , 84-1 , 1-80 , 80-46 , 46-85 , 85-56 , 56-99 , 99-0 , 0-1 , 1-97 , 97-9 , 9-39 , 39-73 , 73-9 , 9-8 , 8-78 , 78-94 , 94-8 , 8-38 , 38-7 , 7-13 , 13-33 , 33-5 , 5-28 , 28-86 , 86-87 , 87-88 , 88-66 , 66-23 , 23-63 , 63-13 , 13-90 , 90-88 , 88-13 , 13-23 , 23-22 , 22-92 , 92-91 , 91-37 , 37-38 , 38-39 , 39-25 , 25-23 , 23-24 , 24-80 , 80-47 , 47-72 , 72-71 , 71-44 , 44-14 , 14-81 , 81-58 , 58-49 , 49-71 , 71-93 , 93-29 , 29-36 , 36-92 , 92-29 , 29-30 , 30-76 , 76-75 , 75-74 , 74-62 , 62-97 , 97-60 , 60-83 , 83-21 , 21-86 , 86-47 , 47-59 , 59-44 , 44-43 , 43-42 , 42-41 , 41-40 , 40-5 , 5-4 , 4-3 , 3-2 , 2-1 , 1-33 , 33-86 , 86-83 , 83-33 , 33-34 , 34-79 , 79-6 , 6-34 , 34-35 , 35-36 , 36-96 , 96-20 , 20-67 , 67-96 , 96-95 , 95-94 , 94-50 , 50-51 , 51-52 , 52-81 , 81-59 , 59-14 , 14-15 , 15-16 , 16-7 , 7-3 , 3-50 , 50-49 , 49-59 , 59-86 , 86-61 , 61-20 , 20-19 , 19-18 , 18-90 , 90-66 , 66-18 , 18-25 , 25-30 , 30-31 , 31-32 , 32-33 , 33-21 , 21-60 , 60-6 , 6-66 , 66-86 , 86-52 , 52-54 , 54-72 , 72-5 , 5-71 , 71-23 , 23-93 , 93-61 , 61-72 , 72-73 , 73-23 , 23-28 , 28-60 , 60-80 , 80-85 , 85-47 , 47-61 , 61-44 , 44-5 , 5-81 , 81-86 , 86-72 , 72-7 , 7-39 , 39-23 , 23-92 , 92-71 , 71-70 , 70-69 , 69-68 , 68-67 , 67-66 , 66-28 , 28-92 , 92-93 , 93-22 , 22-36 , 36-71 , 71-54 , 54-55 , 55-56 , 56-57 , 57-39 , 39-13 , 13-12 , 12-11 , 13-14 , 14-5 , 5-52 , 52-53 , 53-54 , 54-59 , 59-5 , 5-61 , 61-39 , 39-40 , 40-51 , 51-5 , 5-58 , 58-14 , 14-52 , 52-61 , 61-59 , 59-72 , 72-58 , 58-47 , 47-24 , 24-1 , 1-36 , 36-97 , 97-5 , 5-47 , 47-44 , 44-45 , 45-88 , 88-9 , 9-63 , 63-62 , 62-9 , 9-23 , 23-7 , 7-78 , 78-77 , 77-76 , 76-25 , 25-66 , 66-60 , 60-46 , 46-24 , 24-25 , 25-88 , 88-39 , 39-90 , 90-7 , 7-94 , 94-3 , 3-8 , 8-7 , 7-6 , 6-83 , 83-97 , 97-33 , 33-60 , 60-86 , 86-5 , 5-1 , 1-96 , 96-97 , 97-98 , 98-99 , 99-85 , 85-86 , 86-93 , 93-28 , 28-29 , 29-71 , 71-22 , 22-29 , 29-23 , 23-88 , 88-73 , 73-13 , 13-18 , 18-17 , 17-89 , 89-90 , 90-73 , 73-7 , 7-9 , 9-90 , 90-91 , 91-26 , 26-27 , 27-28 , 28-97 , 97-21 , 21-5 , 5-6 , 6-33 , 33-19 , 19-1 , 1-46 , 1-85 , 85-84 , 84-83 , 83-82 , 82-81 , 81-80 , 80-79 , 81-61 , 61-62 , 62-3 , 3-38 , 61-58 , 58-44 , 44-72 , 72-14 , 14-54 , 54-44 , 44-52 , 52-59 , 59-60 , 60-61 , 61-6 , 6-28 , 28-33 , 33-66 , 66-83 , 83-28 , 28-71 , 71-58 , 58-57 , 57-61 , 61-14 , 14-71 , 71-52 , 71-47 , 47-81 , 81-44 , 44-49 , 49-48 , 48-47 , 47-54 , 49-86 , 86-71 , 49-14 , 28-22 , 22-21 , 21-28 , 28-36 , 21-6 , 6-97 , 97-66 , 66-7 , 7-18 , 18-23 , 18-63 , 63-88 , 88-18 , 18-73 , 73-63 , 63-25 , 25-7 , 25-90 , 63-39 , 39-66 , 66-63 , 66-13 , 60-24 , 24-85 , 85-60 , 60-5 , 

Arvore Geradora Minima: 
55 -- 82 == 1.0
67 -- 89 == 1.0
30 -- 93 == 1.0
60 -- 72 == 1.0
58 -- 98 == 1.0
57 -- 86 == 1.0
36 -- 37 == 1.0
15 -- 60 == 1.0
75 -- 76 == 1.0
13 -- 14 == 1.0
8 -- 17 == 1.0
11 -- 12 == 1.0
8 -- 73 == 1.0
29 -- 67 == 1.0
26 -- 31 == 1.0
37 -- 94 == 1.0
26 -- 67 == 1.0
8 -- 67 == 1.0
64 -- 67 == 1.0
24 -- 91 == 1.0
79 -- 80 == 1.0
24 -- 37 == 1.0
10 -- 67 == 2.0
55 -- 87 == 2.0
48 -- 53 == 2.0
6 -- 73 == 2.0
48 -- 61 == 2.0
48 -- 81 == 2.0
35 -- 80 == 2.0
14 -- 91 == 2.0
9 -- 10 == 2.0
73 -- 74 == 2.0
2 -- 3 == 2.0
6 -- 15 == 2.0
29 -- 61 == 2.0
8 -- 79 == 2.0
30 -- 31 == 2.0
84 -- 98 == 2.0
34 -- 61 == 2.0
38 -- 92 == 2.0
7 -- 34 == 2.0
24 -- 30 == 2.0
19 -- 74 == 2.0
63 -- 75 == 2.0
28 -- 80 == 2.0
39 -- 95 == 2.0
51 -- 63 == 2.0
15 -- 87 == 2.0
61 -- 86 == 2.0
62 -- 98 == 3.0
10 -- 40 == 3.0
50 -- 59 == 3.0
19 -- 20 == 3.0
96 -- 97 == 3.0
55 -- 56 == 3.0
98 -- 99 == 3.0
59 -- 62 == 3.0
6 -- 22 == 3.0
67 -- 68 == 3.0
17 -- 100 == 3.0
4 -- 95 == 3.0
43 -- 44 == 3.0
17 -- 18 == 3.0
41 -- 52 == 3.0
22 -- 84 == 4.0
87 -- 88 == 4.0
45 -- 72 == 4.0
71 -- 72 == 4.0
4 -- 51 == 4.0
23 -- 72 == 4.0
3 -- 12 == 4.0
39 -- 40 == 4.0
64 -- 65 == 4.0
52 -- 53 == 5.0
68 -- 97 == 5.0
32 -- 33 == 5.0
2 -- 37 == 5.0
53 -- 54 == 5.0
78 -- 79 == 5.0
90 -- 91 == 5.0
31 -- 32 == 5.0
10 -- 85 == 5.0
21 -- 97 == 6.0
26 -- 77 == 6.0
47 -- 48 == 6.0
25 -- 26 == 6.0
5 -- 6 == 7.0
44 -- 45 == 7.0
51 -- 92 == 7.0
68 -- 69 == 7.0
66 -- 67 == 7.0
69 -- 70 == 8.0
46 -- 89 == 8.0
83 -- 84 == 8.0
49 -- 50 == 9.0
41 -- 42 == 10.0
26 -- 27 == 10.0
16 -- 17 == 10.0
100 -- 1 == 12.0
Peso total: 336.0 

BFS
1 - 2 - 100 - 3 - 6 - 20 - 25 - 34 - 37 - 47 - 48 - 61 - 81 - 85 - 86 - 97 - 98 - 8 - 17 - 57 - 99 - 4 - 12 - 5 - 7 - 15 - 22 - 29 - 41 - 45 - 50 - 52 - 53 - 55 - 59 - 60 - 62 - 67 - 72 - 73 - 82 - 84 - 87 - 19 - 21 - 24 - 26 - 14 - 33 - 35 - 23 - 30 - 36 - 38 - 93 - 94 - 46 - 49 - 80 - 10 - 68 - 96 - 40 - 58 - 63 - 9 - 39 - 64 - 74 - 79 - 89 - 91 - 95 - 16 - 18 - 56 - 51 - 11 - 13 - 28 - 42 - 44 - 54 - 66 - 71 - 83 - 88 - 27 - 31 - 77 - 32 - 92 - 69 - 75 - 65 - 78 - 90 - 43 - 70 - 76 - 
Componentes Conexas : [[1, 100, 57, 86, 81, 47, 25, 24, 64, 14, 34, 6, 67, 10, 26, 85, 2, 61, 48, 53, 50, 73, 82, 55, 87, 7, 58, 98, 62, 21, 68, 97, 37, 30, 93, 92, 38, 39, 8, 4, 3, 12, 11, 13, 51, 52, 41, 40, 74, 89, 91, 19, 20, 18, 90, 17, 16, 15, 45, 72, 60, 59, 94, 23, 22, 84, 83, 29, 28, 27, 80, 35, 36, 71, 70, 69, 79, 95, 9, 96, 78, 77, 31, 32, 33, 76, 75, 63, 44, 43, 42, 46, 88, 5, 99, 56, 54, 49, 66, 65]]

O GRAFO POSSUI CICLO
